list of initial bad blocks :

bank 2(C0) L: 28 of 1384 (2.02%)
458 462 773 896 913 915 1244 1292 1660 1947 2316 2317 2396 2701 2702 2703 2704 2705 2893 3221 3240 3279 3300 3348 3484 3870 3871 3967 
bank 2(C0) H: 17 of 1384 (1.23%)
117 363 1026 1027 1217 1235 1574 2388 2503 2513 2605 3075 3122 3571 3601 3854 3855 
bank 3(D0) L: 31 of 1384 (2.24%)
40 66 67 457 472 473 594 900 1007 1080 1213 1312 1365 1512 1513 1722 1790 1836 2004 2274 2570 2682 2948 3122 3233 3362 3433 3857 3876 3877 4000 
bank 3(D0) H: 24 of 1384 (1.73%)
212 635 813 815 1403 1438 1682 2178 2182 2284 2402 2403 2509 2873 3061 3077 3284 3495 3564 3677 3740 3923 3934 3935 
bank 6(C1) L: 32 of 1384 (2.31%)
370 535 891 904 1187 1826 1835 1912 2170 2171 2267 2295 2460 2461 2790 2791 3098 3117 3247 3563 3656 3657 3660 3661 3662 3663 3678 3679 4029 4075 4122 4123 
bank 6(C1) H: 18 of 1384 (1.30%)
419 578 1132 1263 1453 1660 2099 2218 2404 2405 2440 2699 2794 3000 3156 3240 3241 3800 
bank 7(D1) L: 20 of 1384 (1.45%)
735 1090 1091 1661 1693 1902 1996 2074 2570 2896 3176 3237 3549 3551 3636 3731 3958 3959 4061 4075 
bank 7(D1) H: 31 of 1384 (2.24%)
96 102 278 279 320 468 653 1155 1196 1198 1328 1405 1445 1464 1676 1677 1678 1679 1938 2000 2252 2253 2768 2791 2814 3504 3507 3564 3839 4092 4093 
bank 10(C2) L: 10 of 1384 (0.72%)
98 826 2571 2805 2809 3155 3212 3330 3340 3413 
bank 10(C2) H: 13 of 1384 (0.94%)
88 218 336 337 651 700 701 782 940 941 1204 3972 4046 
bank 11(D2) L: 11 of 1384 (0.79%)
91 170 375 377 837 1245 1491 2293 3110 3976 4111 
bank 11(D2) H: 11 of 1384 (0.79%)
177 542 543 562 563 638 806 1131 1798 1799 2606 
bank 14(C3) L: 21 of 1384 (1.52%)
186 461 890 891 948 1126 1171 1238 1240 1262 1418 1683 1865 2416 2575 2772 3070 3162 3288 3289 3486 
bank 14(C3) H: 23 of 1384 (1.66%)
542 726 1382 1490 1492 1794 2122 2123 2141 2283 2291 2759 3054 3362 3363 3650 3756 3886 3887 3890 3891 4013 4044 
bank 15(D3) L: 13 of 1384 (0.94%)
311 312 313 395 1941 2196 2197 2905 3011 3148 3149 4144 4146 
bank 15(D3) H: 9 of 1384 (0.65%)
252 305 792 1350 1352 1353 1363 1432 1749 
