list of initial bad blocks :

bank 0(A0) L: 4 of 4152 (0.10%)
167 2683 3211 3955 
bank 0(A0) H: 7 of 4152 (0.17%)
825 1122 2153 2308 3253 3503 3890 
bank 4(A1) L: 40 of 4152 (0.96%)
98 826 2571 2805 2809 3155 3212 3330 3340 3413 98 826 2571 2805 2809 3155 3212 3330 3340 3413 98 826 2571 2805 2809 3155 3212 3330 3340 3413 98 826 2571 2805 2809 3155 3212 3330 3340 3413 
bank 4(A1) H: 52 of 4152 (1.25%)
88 218 336 337 651 700 701 782 940 941 1204 3972 4046 88 218 336 337 651 700 701 782 940 941 1204 3972 4046 88 218 336 337 651 700 701 782 940 941 1204 3972 4046 88 218 336 337 651 700 701 782 940 941 1204 3972 4046 
